-121.8263168334961
-122.7392349243164
-123.64369201660156
-124.56487274169922
-125.50250244140625
-126.43087005615234
-127.34911346435547
-128.28334045410156
-129.2323455810547
-130.1707305908203
-131.09754943847656
-132.03866577148438
-132.99371337890625
-133.9370880126953
-134.86569213867188
-135.80795288085938
-136.7761688232422
-137.71661376953125
-138.6435546875
-139.58050537109375
-140.5419921875
-141.46200561523438
-142.37884521484375
-143.3064727783203
-144.2557373046875
-145.162841796875
-146.06568908691406
-146.9770965576172
-147.90869140625
-148.79750061035156
-149.68141174316406
-150.57215881347656
-151.46937561035156
-152.34808349609375
-153.20875549316406
-154.0748291015625
-154.94625854492188
-155.7989044189453
-156.6328125
-157.47076416015625
-158.32550048828125
-159.14906311035156
-159.94256591796875
-160.75086975097656
-161.5626983642578
-162.35562133789062
-163.11849975585938
-163.89559936523438
-164.68577575683594
-165.44638061523438
-166.1881561279297
-166.9330291748047
-167.68942260742188
-168.41738891601562
-169.12704467773438
-169.8386993408203
-170.56185913085938
-171.257080078125
-171.93460083007812
-172.60427856445312
-173.28482055664062
-173.9481201171875
-174.5942840576172
-175.23291015625
-180.2373046875
-180.81698608398438
-181.38133239746094
-181.94659423828125
-182.5203857421875
-183.07183837890625
-183.6090850830078
-184.1477508544922
-184.69381713867188
-185.21176147460938
-185.72329711914062
-186.23623657226562
-186.75723266601562
-187.25086975097656
-187.73867797851562
-188.2279510498047
-188.7241668701172
-189.2015838623047
-189.66656494140625
-190.1268310546875
-190.60044860839844
-191.05650329589844
-191.5008087158203
-191.94630432128906
-192.39892578125
-192.8343505859375
-193.25308227539062
-193.6789093017578
-194.1117706298828
-194.52828979492188
-194.92897033691406
-195.33651733398438
-195.7509765625
-196.14988708496094
-196.53399658203125
-196.92459106445312
-197.32174682617188
-197.70431518554688
-198.07765197753906
-198.45252990722656
-198.82867431640625
-199.19595336914062
-199.5545654296875
-199.91465759277344
-200.2811279296875
-200.63424682617188
-200.97906494140625
-201.32073974609375
-201.66867065429688
-202.0086669921875
-202.3407745361328
-202.6699676513672
-203.00979614257812
-203.33753967285156
-203.6576385498047
-203.97976684570312
-204.30758666992188
-204.62400817871094
-204.9332275390625
-205.24417114257812
-205.56100463867188
-205.8666229248047
-206.16555786132812
-206.46632385253906